0
0
0
0.1
0.1
0.1
0.1
0.4
0.8
0.8
0.4
0.8
0.8
0.4
0.1
0.1
0.4
0.4
0.4
47.5
1
1
1.1
1
1
0.01
1
0.01
1
0.2
0.1
0.1
0.01
0.1
0.01
0.2
0.02
0.1
0.2
0.21
0.1
0.01
0.01
0.1
0.01
1.21
0.02
0.02
0.02
1.1
0.01
0.02
0.1
0.01
0.1
0.01
0.02
0.01
0.01
10.6
0.01
0.11
0.1
0.01
0.02
0.1
1.1
0.01
0.01
0.1
0.1
0.1
0.1
0.1
0.1
0.1
0.1
0.1
0.1
0.1
0.1
0.01
0.01
0.01
0.1
0.02
0.01
0.1
0.01
0.1
0.01
0.01
0.1
0.01
0.23
0.1
0.1
0.04
0.01
12.1
0.1
0.1
0.1
0.1
0.1
0.1
0.1
0.1
0.1
0.1
0.3
1.3
0.1
0.2
3.1
0.1
1.2
1.2
0.5
1.3
5.2
1.2
0.1
0.3
24.4
0.1
0.1
0.1
0.1
0.3
0.1
0.4
0.2
8.1
15.2
0.4
1.5
1.7
0.1
2.2
2.5
0.1
1.6
1.7
0.1
0.1
1.5
1.1
0.2
2
1.5
2.1
0.1
0.1
1
0.1
0.1
0.1
0.1
0.1
0.1
0.5
0.1
0.1
0.1
0.1
0.1
1
1.4
0.1
0.1
0.1
0.1
1.8
1.5
1.4
0.1
0.4
0.1
0.4
0.2
0.1
0.1
0.4
0.3
0.3
1
1
0.01
0.01
0.01
0.1
0.1
0.1
0.1
1
0.1
0.1
0.02
0.1
0.01
0.2
1
0.5
0.1
0.2
1
0.1
0.2
0.2
0.11
3.1
0.1
2.1
0.1
0.3
0.01
0.1
1.6
0.1
0.5
0.1
0.1
0.6
0.1
1
0.1
12
0.2
32
1.5
1.9
1
0.2
1
0.11
32
2
1
3.1
0.11
0.2
0.11
0.01
0.1
0.6
0.7
0.1
0.2
0.3
0.1
0.1
0.1
0.2
0.2
0.1
0.1
0.4
0.01
0.01
0.2
0.4
1
1
2
0.4
0.1
0.4
0.1
0.2
0.1
0.2
0.1
0.1
0.1
0.1
0.1
0.11
2000
1.5
0.11
0.11
0.11
0.2
1.1
0.11
0.11
0.01
0.01
0.1
0.1
0.1
0.1
0.3
0.11
0.2
0.2
0.1
0.1
0.1
0.1
32
0.1
1.5
0.4
0.1
1
1.5
1
0.2
1.3
32
1
0.1
0.1
1
0.5
0.1
0.1
2
0.1
0.1
0.1
0.01
0.01
0.1
0.01
3.8
0.8
0.4
0.1
1
0.1
0.4
2
1.6
0.1
2.2
0.5
0.1
0.01
0.1
1.1
0.1
0.01
0.1
0.1
0.01
0.1
1.9
0.2
0.1
0.01
0.2
0.01
0.2
0.01
0.1
0.1
0.1
0.01
0.1
0.01
1
0.01
0.01
2.7
0.6
1
1.6
0.2
15.1
0.7
0.1
0.2
1.3
2.6
0.1
0.1
0.2
0.1
0.1
1.3
0.2
0.1
0.1
15.9
0.6
0.1
1.7
0.1
1.1
0.2
0.1
0.11
2.5
1
0.3
1
0.1
35.5
0.1
0.1
0.1
0.01
0.1
2.6
1.5
0.11
0.1
0.1
0.1
0.01
0.1
0.1
0.1
0.01
0.01
0.01
0.01
0.1
0.1
0.1
0.01
0.01
0.1
0.1
0.1
0.1
0.01
0.2
0.2
0.21
0.21
0.21
0.61
0.61
0.01
0.01
0.2
0.2
0.1
1
0.4
1
0.1
0.1
0.1
0.2
0.2
0.1
0.1
0.1
0.1
0.2
0.2
0.1
0.1
0.4
0.2
0.1
1.4
0.1
0.1
0.1
0.1
0.1
0.1
0.1
0.1
0.1
0.1
0.1
0.2
0.1
0.1
0.1
0.2
0.1
0.1
0.1
0.2
0.2
0.1
0.1
0.1
0.1
0.2
0.1
0.1
0.1
0.2
0.1
0.1
0.1
0.1
0.1
0.1
0.01
0.01
0.01
0.1
1
0.1
0.1
0.1
0.1
0.1
0.1
0.1
0.1
0.1
0.1
0.1
0.1
0.1
0.1
0.1
0.1
0.1
0.1
0.1
0.2
0.1
0.1
0.1
0.1
0.1
0.2
0.1
0.1
0.1
0.1
0.1
0.2
0.1
0.2
0.1
0.1
0.2
0.1
0.1
0.1
0.1
0.2
0.1
0.2
0.1
0.1
0.1
0.1
0.1
0.1
0.1
0.1
0.1
0.2
0.1
0.1
0.2
0.1
0.1
0.1
0.1
0.1
0.1
0.1
0.1
0.1
0.2
0.1
0.1
0.1
0.1
0.01
0.01
0.01
0.01
0.01
0.1
0.1
0.1
0.1
1.2
0.1
0.1
0.1
0.4
0.1
0.1
0.1
0.01
0.4
1.1
1.1
0.1
0.1
0.1
0.1
0.3
0.1
0.1
0.1
4
1.1
0.4
0.1
0.1
0.2
1.1
1.1
2
0.1
0.1
0.1
0.1
0.2
0.1
1
0.1
1
0.01
0.5
0.1
0.01
0.01
0.1
0.1
0.01
0.1
0.2
0.2
20.2
0.1
0.3
0.1
0.1
0.1
0.1
0.2
2
0.1
0.1
0.1
0.1
1
1
0.1
1
1
0.1
0.1
1
0.01
0.1
0.3
0.1
0.2
1.1
0.1
0.1
0.1
0.2
0.8
0.1
0.6
1.2
0.01
0.1
0.1
0.21
2
2
4
300
0.11
3
0.1
0.1
0.1
0.1
0.2
0.2
0.1
0.1
0.1
0.1
0.1
0.1
0.1
1
1
1
0.11
0.1
0.1
0.1
0.1
0.01
0.01
0.1
0.1
0.1
0.1
0.1
0.01
0.01
1
0.1
0.1
0.01
0.1
0.1
0.1
0.01
0.1
1
2
2
1
2
0.1
0.01
0.1
0.1
0.01
0.1
0.1
0.01
0.1
0.1
0.1
0.1
0.1
0.01
0.02
0.01
0.01
0.01
0.02
0.02
0.02
0.1
0.02
0.01
0.01
0.01
0.1
0.01
1.9
0.1
0.1
0.1
0.1
0.4
0.1
0.1
0.1
0.1
0.1
0.1
1
0.8
0.01
0.1
0.1
0.1
0.7
0.01
0.01
1
1
0.1
1
0.2
0.01
0.01
0.1
0.2
0.1
0.01
0.1
0.01
0.01
0.2
0.2
0.3
0.2
0.2
0.1
0.1
0.1
0.01
0.1
0.1
0.1
0.1
0.1
1
0.1
0.1
0.1
0.1
0.2
0.2
0.1
0.2
0.1
0.1
0.1
0.1
0.1
0.01
0.1
0.1
0.1
0.11
0.2
0.3
0.2
0.2
1
0.3
0.2
0.11
0.01
0.2
0.2
0.01
0.01
0.1
2
0.1
0.4
0.1
1.5
0.1
2
0.1
1.1
1.4
4.8
1
0.5
0.4
0.1
0.1
0.1
0.1
0.1
0.1
0.2
0.2
1.2
0.1
0.1
0.1
0.1
0.1
0.1
0.1
0.2
0.1
1.01
3
0.2
0.1
1
1.2
0.2
1.1
0.11
2
2
0.2
0.1
0.1
0.1
1.2
1.1
0.1
0.1
2.4
0.1
0.1
1
1
1
0.2
2.4
0.2
1.1
0.1
0.3
0.2
0.2
0.2
1
2.5
1
1.5
2
1.1
0.3
0.3
1
0.4
0.1
0.1
0.1
0.1
1
0.1
1.1
1.3
2
0.2
1
0.2
0.2
1
5.3
289
0.9
2.6
1.5
0.4
0.4
1.5
0.2
0.2
0.2
0.1
0.1
1
0.4
0.1
1
0.1
0.4
0.1
2
0.1
0.1
0.1
0.1
0.1
0.2
3.5
1.4
1
0.6
2.3
0.1
2
1
1
0.1
1.1
0.5
1.1
0.8
0.9
14.1
0.1
1
1
1
1.5
2.5
1.1
0.2
0.1
0.1
0.2
0.2
0.1
0.1
0.1
0.1
0.6
22.8
0.5
0.3
0.2
0.6
1.5
1.5
0.1
0.2
0.01
0.61
1.51
1.5
1.5
0.1
0.2
1
0.1
1
1
1.5
3.9
1
1
1
0.1
0.1
1
1
1
1
1
0.1
0.1
0.5
0.2
4.3
0.2
0.2
1.9
0.1
0.1
0.2
0.1
0.2
0.2
1
1
1
0.3
0.2
0.2
1
0.51
1.1
0.1
0.1
1.1
1
1
1
0.2
0.1
0.1
1.8
1.8
0.1
0.1
0.5
0.1
0.1
1
0.1
0.2
1
1
1
1
1.8
0.1
0.1
0.1
1
1
0.1
2
1
0.1
1
0.1
2.5
0.2
0.1
1
0.1
0.3
0.1
0.2
0.2
0.1
0.1
0.11
0.1
0.1
1
0.1
0.1
0.1
1
1.1
3.6
0.5
0.2
0.1
0.1
1.3
0.1
0.1
0.1
0.2
0.1
1
0.1
0.1
0.6
0.1
0.1
0.1
0.1
0.1
0.1
0.1
0.1
0.1
0.1
0.1
0.1
0.1
0.1
0.1
0.1
0.1
0.1
0.1
0.1
0.1
0.1
0.1
0.1
0.1
0.1
0.1
0.2
0.1
0.1
0.1
0.2
0.1
0.1
0.1
0.1
0.1
1
0.1
0.1
0.1
0.1
0.1
0.1
1
1
0.1
0.1
0.2
0.2
0.2
0.1
0.2
1
0.1
1
0.1
0.1
0.1
1
1
1
0.1
0.1
0.1
0.9
0.1
0.1
0.1
0.1
0.1
0.1
0.1
0.1
0.1
0.1
0.1
0.1
0.1
0.1
0.1
0.1
1
1.1
1
0.1
0.1
1
1.8
1
0.1
1
0.2
0.1
0.1
0.1
1
0.1
0.1
0.1
1
1
1
1
0.1
0.1
0.1
0.1
0.1
0.1
0.1
1
0.1
0.1
1
1
0.9
5
1
1
1
1
0.1
0.1
0.1
3
3.3
2
0.1
0.1
1
0.1
0.1
1
0.1
0.1
1
1
0.1
0.1
1
0.1
0.1
0.1
0.1
0.1
0.1
0.1
1
0.1
0.1
1
0.01
1
1
1
2.2
0.01
0.9
9.9
0.9
0.1
0.1
1
0.1
0.1
0.1
0.1
0.1
1
0.1
5.3
5.3
0.1
0.1
0.1
0.1
1
0.1
0.1
0.1
0.1
63.8
0.9
0.1
0.1
1
1
1
0.1
0.2
0.1
0.1
0.1
0.1
1
0.2
0.1
0.1
3
0.1
0.1
0.1
1
0.1
0.01
0.1
0.1
100
0.1
0.1
9999.99
0.1
1
0.1
0.1
0.1
0.1
1
0.2
0.1
0.1
2
0.01
0.1
0.1
0.1
0.8
1
0.1
1
0.1
0.1
0.1
1
0.1
0.1
1
1
1
1
1
2.3
2.3
2.3
1
1
0.1
0.1
0.1
0.1
0.1
0.2
0.99
1
0.99
0.1
0.1
0.1
0.1
0.4
1.5
0.1
0.1
0.1
0.99
0.99
0.1
0.99
0.1
0.1
0.1
0.1
0.1
29.8
0.1
29.8
0.5
0.3
0.5
0.1
0.1
0.1
1
0.1
0.1
0.1
0.1
0.1
0.1
1
1
0.1
1
0.1
0.2
0.1
0.1
0.1
0.1
0.1
0.1
0.1
0.1
0.1
0.1
0.1
0.1
0.1
0.1
0.1
0.1
0.1
0.3
0.3
1.3
0.2
0.1
0.1
1
0.1
0.1
0.1
0.1
0.1
0.1
0.1
0.1
0.1
0.1
0.1
0.1
0.1
0.1
0.1
0.1
0.1
0.1
0.1
0.1
0.1
1
0.1
0.1
0.1
0.1
0.1
0.1
0.1
0.1
1
0.1
0.1
50
0.1
50
0.1
0.1
0.1
0.1
0.1
0.5
0.9
0.1
0.4
0.5
1
0.1
1.1
0.1
60
0.1
0.1
0.1
2
4.8
0.2
0.1
0.1
0.1
1
0.1
0.1
0.1
0.1
0.1
0.1
0.5
0.1
0.1
0.4
0.1
0.1
0.1
0.1
0.4
0.1
0.3
0.1
0.2
0.1
0.1
0.1
0.1
0.1
0.1
0.5
0.1
1.3
0.4
0.8
0.9
0.3
0.5
0.1
1
0.1
0.3
0.1
0.4
0.1
0.5
1
0.5
1
1
0.1
0.1
0.1
1
1
0.1
1
0.1
1
0.5
0.2
0.2
0.1
100
50
150
60
30
0.1
0.1
0.1
0.1
0.1
0.1
1
0.1
0.1
0.5
0.4
1
0.4
1
1
1
0.4
1.4
0.5
0.3
0.4
0.3
0.1
0.1
0.1
0.1
0.1
0.4
0.6
0.6
2.1
0.4
0.4
0.1
5
5
1
10
5
1
5
5
0.6
0.4
0.1
0.1
0.1
0.1
0.1
0.1
0.1
0.1
0.1
0.1
0.2
0.2
0.5
4
1
0.6
0.5
0.5
0.3
0.4
0.5
1
0.4
0.4
0.2
0.1
0.1
1
0.1
0.1
0.1
0.2
0.1
0.1
0.1
0.1
0.1
5.9
0.1
0.1
0.1
0.1
0.1
0.1
0.1
0.1
0.1
0.1
0.1
0.1
0.1
1
1
0.1
1
0.1
0.1
0.1
0.1
0.1
0.1
0.1
0.1
0.1
0.1
0.1
0.1
2
0.1
0.1
0.1
0.1
0.1
0.1
0.1
0.1
0.1
0.1
0.1
0.1
0.1
0.1
0.1
0.1
0.1
0.1
0.1
3.6
1
2
1
2
0.4
0.1
0.1
0.1
0.1
2
0.1
0.1
0.1
0.1
0.1
0.1
0.1
1
2
0.3
0.1
0.1
0.1
1
1
0.1
1
0.1
2
0.1
0.1
0.1
2
0.1
0.5
0.1
2
0.1
0.1
0.1
0.1
0.1
0.1
0.1
0.1
0.1
0.1
0.1
0.1
0.1
0.1
0.1
0.1
0.1
0.1
0.1
0.1
30
0.1
1
0.1
0.1
1
2
1
1
0.02
0.02
0.1
0.1
0.1
0.1
0.1
0.1
0.1
0.1
0.6
1.2
0.1
0.1
0.1
0.1
0.1
0.1
1.4
0.2
0.1
0.1
1.4
0.5
0.1
0.1
0.4
0.4
1.2
0.2
0.1
0.1
0.1
0.5
0.1
1
0.1
0.3
0.5
0.3
0.3
0.4
0.2
0.4
0.1
1.4
0.21
0.3
1.9
1.1
0.1
1
1
1
0.31
0.6
0.4
0.6
0.5
0.3
0.1
1
1
0.3
0.6
0.3
0.1
0.5
0.1
0.1
1.8
2.8
0.5
0.3
2.8
0.2
0.2
0.2
2.8
1
1.4
1.4
2.7
1.8
2.1
0.4
3.8
3.5
2.4
2.8
1
2.81
0.1
0.1
0.1
0.1
2.8
2.8
2.8
0.1
0.1
2.1
2.9
2.8
1.8
1.9
0.2
1.8
0.1
0.4
1.8
1
0.8
0.2
0.2
1.4
1
1
1
0.1
0.2
0.2
1
0.1
0.2
0.2
0.5
0.2
0.2
0.1
0.3
0.2
2.8
1
1
1.2
2.8
0.2
1.8
1.8
1
1.8
1
0.8
0.5
0.5
1.2
0.2
2
1.2
0.1
0.1
0.2
0.1
0.1
0.1
0.1
0.3
0.2
0.2
0.2
0.2
0.1
0.1
0.1
0.2
0.1
0.1
0.1
0.1
0.3
0.3
0.3
0.2
0.2
0.2
1.1
1.1
1
0.2
1.1
0.1
1000.02
1
0.1
1
1.3
1
1
1
1
1
1
1
1
0.3
1.1
1
1
0.6
0.3
0.1
0.3
2.1
4.9
1.9
2.8
2.8
0.3
0.2
0.3
0.1
0.2
0.8
0.3
0.2
0.3
0.1
2.8
1.9
0.1
0.4
2.8
0.4
0.1
1
1
2.8
0.2
1
0.1
0.1
0.3
0.1
0.1
0.1
0.3
2.9
0.1
0.4
0.1
0.4
0.4
1
0.1
1
0.3
1
0.4
0.1
1
1
1
1
1
0.1
1
0.1
1
0.3
0.4
0.4
0.3
0.2
0.1
0.3
0.1
0.1
0.1
0.1
0.3
0.1
1
1
1
0.1
0.1
0.3
0.3
0.3
0.1
0.2
0.2
0.4
0.1
0.1
0.1
0.2
1
0.1
0.2
0.1
0.2
0.1
0.1
0.1
0.1
0.1
0.1
1.1
1.1
1
0.1
1.1
0.1