117041710573429637010
217041711274929639518
217041711464429634647
217041714204929638039
217041714580529635577
217041715573329632343
117050111391132402440
117050414333332457945
117050414372432458365
117050415432032486841
217050510515532451927
217050510563832457798
217050511123832457141
117050511273032455532
217050511385032755487
217050511515232752325
117050513464132482347
117050514090632483381
117050514150632486005
117050514333832495413
217050514391832742622
217050514540232747102
217050514575932519440
217050515085032743696
217050515131632743122
217050515385632742762
217050515421032749557
217050515443932749066
217050515513532743914
217050515563832752425
217050516035732751561
217050516054532741312
217050516071832741869
217050516135532744867
217050516164232742440
217050516171732756490
217050516185432748806
217050516211932748805
217050516213832757891
217050516245132741102
217050516280432741357
217050516290932745905
217050516311232746933
217050516323732743504
217050516352732749920
217050516395932741211
217050516433632746138
217050516450432749010
217050516513832748707
217050516532532746117
117050517025032747415
117050517053632742339
117050517095532741132
117050517243832744756
117050517482332743160
117050517590932748828
117050518063532747779
117050518160832745533
117050609471729394979
117050610475932494848
117050610513232893436
217050611371932876626
217050613385532874977
217050613584332601246
217050614025232603135
117050614044632874261
217050614060432603144
117050615020229398926
217050616080032898602
117050618182132948810
117050716510332407637
217050809434132944589
217050810192832947838
217050810224332946473
217050810492832943871
217050810582032944938
217050811000632942810
217050811025732942869
217050811102332949360
217050811123332944213
217050811181632946344
217050811193432885536
217050811205232881676
217050811215932889636
117050811372332265490
217050813425229399084
217050814035129393965
117050814060229398170
217050814455632371188
117050814465932371785
117050814504332372789
317050815292500522127
417050815355500363134
317050815381500521578
217050815411132553473
117050816020632947620
117050816164232945626
217050910435632898557
217050911041832895075
117051414535932831488
217051416563532995679
117051417013332996194
117051417115032997590
117051417235032992846
117051514221432974575
217051514305533127715
117051514333632979811
117051514355332977184
117051514410332979730
117051515071933128809
217051515133533128617
117051515135433134504
117051515150932987076
117051515181432988321
217051515184233131675
117051515184232989475
217051515204333125450
117051515222032971039
217051515230933121835
217051515272033124015
217051515370633135541
117051515420833123779
117051515431233129976
117051515432432978110
217051515435633137102
117051515462232978150
117051515470432985015
217051515484633135276
217051515495233138742
217051516003232407643
117051516111132996802
217051516211633121363
117051516214432979711
217051516215233131663
217051516234633134907
217051516240133124274
217051516254933139503
217051516265233134847
217051516274433136838
217051516325833131099
217051516352333139836
117051516370332971784
217051516372533133093
117051516392233137333
117051517013532996932
117051517125032977149
117051517192633139378
117051517215433136169
117051517241233132400
117051517255033134498
117051517284333137931
117051517315433131349
117051517350032999669
117051517370432997581
117051517381833134035
117051517455132993421
117051517462333133098
117051517475532994231
217051517522433133233
117051517532332997026
217051517541133133567
217051517570833134948
117051517573932997551
117051517585432991515
217051518012033132843
117051518033932995510
217051518050033135519
117051518154332994220
217051518551433136289
217051518560333133123
217051518571133133909
117051518590832995638
117051519010132997753
217051519013233135541
217051519101333137985
217051519123533132918
217051519140833138995
217051519162433138488
117051519195532999547
117051519220033139549
217051519231233135036
117051609201932996455
117051609244932999787
117051610173532974513
117051610221832977727
117051610322132976815
517051610383832995344
517051610442932993784
517051611341133213542
517051611341633234417
517051611360433235383
117051611374832991955
117051611400532999361
217051611415532997612
117051611450132992919
517051612044433263459
117051613404032999028
117051613424732995166
217051613532732997275
117051613573632978129
517051614100633262720
117051614115032973685
517051614165533262123
117051614271932978513
117051614273132998660
117051614291932979173
517051614312533265525
117051614331032998502
217051615042432185091
117051615124032971359
217051616024432999203
217051616054133269271
217051616164332996868
217051616193433265529
217051616200732997358
217051616245633265980
217051616281732998199
217051616305132999783
217051616313133265617
117051616335132997278
217051616352833268155
217051616365133269266
217051616401633265312
217051616443633266086
217051616540133125753
517051617013032186076
117051617100932186066
217051617340333264383
217051617411533268456
117051617432232987404
117051617450833267149
117051617460833264572
517051617475833264808
117051617483132973861
517051617485733266499
217051617495932189335
117051617530332989977
117051617551633269693
517051618204932971139
117051618432532839007
217051618443232186963
217051618521532188064
217051618563932183710
217051618580232183211
217051618580233261401
217051619063833265424
217051619084533262287
217051619163632189741
217051619220432995755
217051619250032188648
217051619294233268935
217051619312933268019
217051619333533265206
217051619410533268543
217051619431333267634
217051619450033267880
117051619464033269961
117051619564733269385
517051619574233265268
517051619594033268320
117051620004033269662
117051620012033264097
517051620041833265685
517051620051933265056
317051620060500714522
117051620080033261572
117051620082932977472
217051620085532909521
117051620093333265566
217051620104432909340
117051620105432973054
117051620114232181533
117051620115333267247
117051620184932973911
117051620203632971859
117051620215532186187
117051620290232188223
217051620334232188911
517051620371532108965
117051620374333267986
217051620380032186109
217051620383732185285
217051620414032187829
217051620504832904726
117051620523633263845
217051620585732181084
217051621121932181762
217051621180332183795
217051621185532185809
217051621243432187241
217051621253432185369
117051709485232181731
117051709564632186048
117051710000533313940
217051710063032182347
117051710133032188230
117051710162532904174
117051710170433311981
117051710184932182089
117051710191932978614
117051710205132905685
417051710213600522634
117051710230832905670
217051710272533317049
117051710295233315042
117051710332632189980
517051710384032181365
117051710423533315698
117051710550233318528
117051710594533316237
117051711010733316434
117051711023532907349
517051711062832972661
117051711115732979042
117051711155633311850
517051711182933315674
217051711213333317958
217051711242033313340
217051711283733313011
217051711311633313513
217051713382033315636
217051713393533313585
217051713412633318347
517051713420232185897
517051713435232189546
217051713443833316197
517051713445832188167
217051713465033314785
217051713482633312337
217051713552833311986
217051714010233314097
517051714012032985394
117051714061632186816
217051714062033313217
217051714073833312646
217051714084433314257
217051714094033127965
217051714124533313251
217051714154533316992
117051714235532977253
217051714240132252457
117051714255532256987
117051714265733312151
117051714270732975969
517051714311633317693
117051714324432188800
117051714341032189703
517051714343733312382
117051714361632182769
117051714385133318236
117051714410833319587
117051714414032188643
517051714432332184354
117051714435433317862
517051714452832182491
117051714465732182338
517051714513132186892
117051714523232186268
117051714591932978523
117051715075632973450
517051715104232188359
117051715111732975985
517051715141733313696
517051715143432977303
517051715170832185402
517051715182733316334
117051715224333316658
117051715242633319086
517051715291032979788
217051715292733313137
217051715303233314775
217051715315333315803
217051715340933316086
217051715363033314380
217051715383633317562
217051715395133311116
217051715422033316975
217051715441933311167
217051715452533315441
117051715454232188967
117051715500932185087
117051715515232184429
217051715523433311340
217051715534433316993
117051715540832184423
117051715563532184885
217051715564133313067
217051715582833317118
117051716102632189487
117051716132033316298
117051716134732181306
317051716142300719990
117051716172033318579
117051716222432188215
217051716263532182031
217051716334333313390
517051716344833313877
117051716370033122330
517051716365733311555
217051716462532183417
117051716473133316645
217051716505032189422
117051716525832185242
217051716531932181282
217051716550732182752
117051716575932184446
117051716584233312022
117051717035033312890
217051717191132182266
217051717223032183544
217051717290032182903
117051717361632182115
217051717375932182564
117051717394932486861
217051718202232188989
217051718252532188980
517051718302232185142
517051718325932181680
517051718403232183264
517051719160132184529
117051719182432189765
117051719200332185354
117051719210332185229
517051719264732189970
217051719285332184269
217051719313332189815
117051719345532184133
117051720012832182293
217051720153632184947
217051720211232183124
111111111111111111133
111111111111111111134
111111111111111111135
111111111111111111136
111111111111111111137
111111111111111111138
111111111111111111139
111111111111111111140
111111111111111111141
111111111111111111143
217052315201333354180
117052315230999993103
517052315283633353976
117052315355099993318
517052315421833355992
217052315450633359502
217052315493033354528
217052315513333358006
217052315533633356757
117052316005632591252
217052316033533351758
217052316071933359805
217052316105233351609
117052316162932594176
117052316184532599845
217052316202933351288
117052316210199991184
217052316231633354613
117052316240899994014
217052316332133351464
217052316474533353542
117052316482599992206
117052316495199991844
117052316530199997635
217052316531233359639
217052316560433351084
217052316593033358233
217052317035433352896
217052317044933356637
217052317150433358275
217052317182433354642
117052317260833359021
117052317280033355942
217052317404533354986
217052317431733353488
217052317441533354388
217052317450433353922
217052317455133357460
217052317471133355472
217052317480533357826
217052317485633359068
217052317495433357771
217052317534333352914
217052318101233359551
217052318150233358699
217052318165133359075
217052410075233353444
217052410131533356975
217052410200733355713
217052410255933356565
217052410282233357805
217052410401833351870
117052410483933356426
117052410511433353128
117052410524933359921
117052411051133355132
117052411374433352878
117052411403333359413
517052411563633357328
517052411585633356609
517052411595233359328
117052414363733352318
517052414391233353890
117052415055633695861
117052415201733705737
117052415234799993092
117052415320333711589
117052415334833723773
117052415355933736243
117052415380533746373
117052415532633753766
117052416002633764836
117052416010933769975
117052416023833779135
117052416101933788951
117052416145533797446
117052416153733799714
117052416172833352459
117052416305233805808
217052510314233824741
217052510334333823746
117052512024533825928
217052514342733826293
217052514370133824032
217052514404633821317
217052514460933823780
217052514542033824322
117052611322132186737
217052611452132184950
117052614013133821979
117052614043133829726
117052614063533823412
117052614101933829251
217052614133933829398
217052614264533826848
217052614345133829799
217052614492733825836
217052614500933829645
217052614504933823018
217052614521433823002
217052614573533824785
217052615003533824200
217052615014733824603
217052615033433829901
217052615051733821548
217052615100033821495
217052615133333822397
117052615175533821112
117052617510433822395
117052711211933825313
117052711234733829910
217052711244633823034
117052711284633824167
117052711451733822993
117052711454733822198
117052715223833823595
217052715251533821981
217052715272233821895
217052715282033829044
217052715340833827463
117053118095399998427
117060110175399994418
117060110204299999012
117060110263599994417
117060110281999996722
117060110390633821240
117060110405633827329
117060110423399991076
217060214591433823988
217060215035733826239
117060215085033824821
117060215322233823025
117060217242733822442
117060217251833823330
517060316492532188726
517060316512232185733
517060316542732183188
517060316572432182451
517060316593833825780
117060816510599995294
117060816573299992469
117060816590499999924
117060817022699996464
117060817102133319615
117060817334999995889
117060817365833828454
117060817383333828221
117060817393433319273
117060817441333826768
117060817452433823302
117060817473633828295
517060817482433824643
117060910065533311026
117060910214833315510
117060910304033316739
117060914071633311204
117060914071933824087
117060914095833824914
117060914144133312427
417060914234200467376
117060915073333319247
117060915074933829831
117060915150433311244
117060915232333319690
317060915530900713256
217060915550233319739
417060915575600531321
117060916230933829962
217060916235133317723
117060916242499995911
117060916394499998527
317060916412300712176
417061009504800534161
117061009553334003576
117061010082033312788
117061010113134044614
117061010304633319174
117061010312734043608
517061010363533316242
117061010372234044829
517061010390633317012
517061010392534044424
217061010415233317399
117061010430034045418
517061010585234046228
517061011001134048547
217061011014433312931
217061011040633318035
517061011040434046219
217061011054433312495
217061011075234048601
217061011075933316103
217061011095233319317
117061011095334042121
417061011192200539884
217061011264934048419
217061011320534049143
117061011343134042526
217061011370734041894
217061011414634049442
117061011462333314169
117061013492634048010
117061013505534046654
117061013524034048100
117061013544234042466
517061013594034043466
517061014062734044503
117061014065434047836
517061014082534043368
517061014115834048342
117061014132934048893
117061014141734045237
517061014152434049544
517061014195734049831
217061014351334046479
217061014381634043515
217061014395334044754
217061014405934045756
317061014430600716456
417061014435700532927
117061018471833314174
117061113491633057904
217061515512132616002
117061516072332616700
117061516150132618516
117061516205132614100
217061516310932612707
217061616233834044354
217061616390134048279
117061711531934041714
217061715045534046634
217061717255932887017
117061717294334044666
117061717323534048458
117061913491034095422
217061913565433129105
117061914075734099420
117061916595834048376
117061917024034047316
117061917120234045819
117062017092434044545
217062017195334046836
217062017264433485047
217062017283033487131
217062017341633489401
217062017372533481195
217062017391133482869
217062017450333483954
117062017463133485926
217062017473433485586
517062019583334044116
517062114291232552586
517062114321532006496
217062115082834001834
217062115101634001216
217062115124633823601
217062115175332183565
217062115285532186414
517062116324533826622
517062116331033827432
117062116382533823067
117062116394733827904
117062116401933821277
117062116410933822876
117062116430433825578
517062116571632181697
517062116593533829101
517062117121032559705
117062117213833822036
117062117265232186609
517062117420533824793
117062117455633898152
117062117474233894074
117062117533233822162
517062118032133825149
117062118072033895311
517062118282333668615
517062118360733667609
517062119210932434352
517062119591534474709
517062120062833828775
517062120091133825004
517062209570334479073
117062210250033825356
117062210293733823592
517062215274633829812
117062215451532182517
117062216532733825599
517062217054533826504
117062217085833826782
117062217142933824294
117062217175833894576
117062217304033825121
117062217322033827916
517062217334333824562
517062217350633828531
517062217421033821342
517062217443433829911
517062217491634786557
517062217494434785870
517062217513933829927
517062217570834911680
117062218112833892136
517062218353934649212
517062218410634958838
517062218421534797474
517062219323334982222
117062219504433824683
517062219571835022948
217062220081334648925
117062220081833894706
117062220095634049813
217062220174134043164
217062220192234048140
217062220250434644844
117062220362134046185
117062220383934046133
117062220400533821807
117062220515133829228
117062220525734047850
117062220561433825093
517062221000733825335
117062221073534644693
517062309374432004622
117062309385534048027
117062309394834042530
117062309444433822208
217062314020135098630
517062314023435029133
517062314065735136790
517062314175535095809
517062314250335095153
217062314281332182939
517062314281335095821
217062314303535093867
517062314500535144429
517062314522035158594
217062314550033823376
217062315014035098088
217062315074233823258
517062315131635022396
117062315241735091574
517062315251435193904
517062315264335194952
117062315281235092728
217062315473835222528
217062316040133821379
217062316055633822074
217062316235233824768
217062316295333826798
217062316311933823375
217062316344633825258
517062316390433822773
117062316531133824598
117062316564233829378
117062317011635254741
117062317072535255264
117062317183199992668
517062317321735255941
217062317411933824713
217062317445735228742
217062317561535221076
217062318011533826916
217062318304633827929
217062318312335289315
217062318363233829337
217062318470435283430
117062318560299999732
117062318580735103326
217062319131433821448
217062319183835276072
217062319241035271981
517062319241333823773
117062319311233824849
217062319322935272855
117062319425233827009
217062319451035276645
217062319461335273580
217062319511335279859
217062319551335277559
217062320050935284264
517062320050735271891
217062320082135283087
117062320083335276805
217062320085635272579
517062320133033822830
217062320144635278394
217062320172235281072
517062320173633829216
517062320184133824497
217062320200435287359
217062320223935286636
217062320235233821894
217062320244735285037
217062320245633828241
217062320283835274465
217062320284233825326
217062320301835285976
217062320302833825195
217062320404735288349
217062320432033827759
217062320473633822347
517062320583035274441
117062409565435271711
217062409595335278637
217062410034235279047
217062410155035275205
117062414103133825073
117062414145035289504
117062414161035282594
117062414164033823265
117062414211935287825
217062415104335281243
217062415173435281575
217062415265235289947
217062415514035288970
217062415535835287472
217062416144135316889
117062417041535347185
117062417053235343642
217062417121835279337
217062417162435272281
117062417451033278939
217062610252235283679
217062610485835288747
117062610534435286805
117062610555435287383
317062610581400711059
317062611193700714123
117062611360935289245
217062611390835281639
217062611461035345720
517062611545535286317
517062611555535284420
117062612010835284802
217062613541733274453
117062613570733271723
117062614291632104913
417062614292700533052
417062615012700534221
117062615012833277542
117062615103033274834
317062615164000718313
117062615200432109020
217062615251832104867
517062615382235281778
517062615394035282514
517062615432035285572
217062615531235287487
117062615564335282390
217062615580635286876
317062616385000712667
117062617153432187542
417062617294200531970
417062618072500537985
417062618103300531129
117062713465735274786
517062713555835278014
217062713594835278683
217062714040735279965
217062714122335276873
217062714184535272800
217062714311535276986
317062714323301064097
417062715050700315526
517062715313435273017
117062715450535453257
117062715483535456915
117062715494935457422
117062715510935453519
217062715565335455170
517062814395935549250
117062814551035546370
217062815035235545068
217062815225435541634
217062815304035544765
217062815381735544355
217062815401635541787
217062815411435547133
217062815445935545073
217062815463635548126
217062815484035547887
417062815550200539974
217062815555535545921
417062816202300537177
117062817021135608670
217062817281332108881
117062817293235607930
417062817305300533916
117062817323435601527
117062817332035601029
117062817345035608560
117062817363435603813
117062817405935601634
517062817423735608730
117062818010635602883
117062818032135607904
517062912322035272201
117062914273732107144
117063013410835107086
117070310550435601980
217070714490735604536
217070916553731992101
117070917021531993228
117070917053431999656
217070917220531993452
117070917261731992860
217071113530535606118
217071113550735608409
217071114201435607718
517071114385535601846
117071210511135677698
117071211192935672779
117071214275435686386
217071309452935681168
517071309584435683990
517071310023535683899
117071310041735689858
217071311053335689887
117071311270835687775
117071313454134046133
217071313481634041092
217071313505334047830
117071314435135688040
117071316224735318349
517071414172435681108
517071414190635687549
517071414201335688720
117071418181335689763
217071517381335689433
217071517412035681928
217071914353035103085
117072210000035803498
117072210011835801651
217072215013935809337
217072410060635801373
217072414221232105724
117072511380835684570
117072511433432101095
117072511595635272446
217072513433335683278
217072514102333121898
217072514520735687827
217072515340535687519
217072515464635684889
217072516361635681952
117072516550435683713
117072517001435686266
217072609250435689259
217072609264135682988
217072611193235685912
217072611241235681611
217072611251735686892
117072611273035687948
217072611294135681906
217072611445935106518
217072611553235685795
117072613563835689621
117072613591935687628
217072614040835681953
217072614064835688250
217072614105935684382
217072614154935681747
217072614202835683119
517072615003235689265
517072615070935687305
117072615233233194032
217072615252333195025
517072615293135683725
517072615305735686727
517072615323635687750
517072615360735689787
517072615403935688763
117072615452635807074
217072616043135685410
217072616134735687381
217072616163633199669
217072616183935683485
217072616250735685067
217072616284935689672
217072616322635687470
217072616402233196115
217072616413633191812
217072617001833191921
117072617060033199404
217072617252033193824
217072617353033195280
517072617573433193128
517072618033533192744
517072618155233193304
117072618233533193345
217072618451133193578
217072709055433199478
217072710001733123727
217072710003935494900
217072710030533123357
217072710091433129099
117072710110733121411
217072710210533128534
517072710432933126202
517072710460233126989
517072710475133123197
117072710514099993502
217072710523332108157
117072710530735101289
217072710540133124826
217072710555733125467
117072710594035865236
217072711020635105535
217072711254435862044
217072711271435104813
117072711305135105450
117072711353035864989
117072711394135869922
217072711413335866150
517072711455935868917
517072711511035866329
517072711520935866581
517072711540535868202
217072713352233126676
217072713572132105058
117072714144535633272
217072714540332109244
117072715215535636367
517072715241135639154
217072715314735634647
217072715351335637678
217072715370935632797
117072715403235802828
517072715423635633092
117072715431935632633
217072715444235636145
217072715454635632845
117072715475035637805
517072715485235634362
217072716010832108177
217072717131332105458
217072717583635108501
217072809563733125779
217072810012033129777
217072810260932102268
217072810362232108779
217072810434033121675
117072810550933122995
117072811004533127494
217072811051533129550
117072811134733122684
117072811262235899718
117072811381233124601
517072811380535898681
217072811400833129827
217072811422133126606
217072811583335906229
217072813404535902855
217072813444632104932
217072814023132106618
217072814244335904721
217072814400432101079
217072815343132106094
217072815502532109684
217072816110535495737
117072816130535928174
517072816450732832866
217072816481935802152
217072817234635934418
217072909174933598957
217072909512132105829
217072910124235801598
217072910560435803573
217072910583732108707
217072911040135807309
217072911131335803072
117072911185135809772
217072913402735632389
217072913442835806258
217072913564733843361
217072914004433841862
117072914254333199691
217072914285635809931
217072914310335806253
117072914341933191644
217072914352135805307
217072915042035802314
217072915394735806301
117072916251935807494
217072916463635808385
217073009255435805113
117073109325735801194
217073110163232104714
217073111152132107090
217073111462035804588
217073113435135803270
217073113472932106960
217073113585232105475
217073114014035801753
217073114181935805051
217073115120335803650
217073115332933845645
217073115430735803345
217073116031135804539
117073116091235806239
117073116200535802176
217073116454435802868
517073117254735801719
217080110170232108102
217080110285135103210
217080110340032102297
217080110392732107617
217080110560335806778
217080111075335108964
517080112412835802563
517080113541035803148
217080114152635802843
217080114173535808866
217080114244535801860
217080114462635806727
217080114583135806734
217080115074935806973
217080115144435965878
517080115151835807271
117080115212135963235
517080115233035802137
217080115241935104528
217080115312735109639
117080115321733848901
517080115394035802024
517080115414835809230
517080115431135801098
217080115504935809342
217080116035435805744
117080116190535802578
217080116265836107918
117080116293736108384
217080116330236107715
217080116361635809890
217080116364635803203
217080116383736104522
117080116413436106145
217080117025135808524
217080117043935805320
117080117121935808019
117080117124335805795
217080117180635805613
217080117183835805903
217080117414935801933
217080209453635807626
217080209465535808587
217080209474335802019
517080210473833123813
217080210494133121281
217080210550633124410
217080211041633127210
117080211295433122138
517080211321933127657
217080211400833124018
217080211413933128805
117080211440333124972
517080211452333125119
117080211503833128322
217080214441535804562
117080214464635741905
217080214495235749769
517080214504535807577
217080214532735749088
217080214571335747941
217080215004435743090
517080215065135803796
517080215113835802629
517080215131235805730
517080215221735805956
217080215385735807673
217080310194536249318
217080310311336244065
217080310363635803492
217080310484736242465
117080311183935747764
117080312080334037719
517080411260734039804
117080416363234036405
217080517084735801354
517080517101135802939
117080517112636305628
117080517190336334553
117080917091836308594
117081010065236307311
517081011335836307704
117081011363936305299
517081011365934034876
117081011530534033615
217081012042834038812
117081110412734034639
117081410193136308944
117081410211736301589
117081410245636302931
117081413334636377883
117081413523136374905
517081414071336377907
117081414104336374417
117081415250032109338
517081415291736378154
117081415382532108626
117081416161132109911
117081416164136303041
517081416192836307803
117081416251336371383
117081416593932108293
117081509395336377407
117081510273736377940
117081510342336373414
117081514420935268551
117081514461035268936
117081515040036375238
117081515064536536398
117081515115736372664
517081515153436371177
217081515311136302779
117081515320936309045
517081515325536308527
517081515394636303479
517081515465036303630
517081515473036301041
517081515491636303455
117081516172336303145
517081516174635262976
117081516184136373148
117081516190836307893
117081516270436376497
117081516403132104475
117081516571936376201
517081517165036304175
117081518352632101433
117081518390732109711
117081610104132105598
117081610463436379998
117081611154535108751
517081710482436309349
117081711181533123248
117081714551336376085
117081715573936374781
217081718251934038170
117081718262934035178
217081718300534033802
117081810212134033025
117081810530936375282
117081810581936374395
417081815433000315192
117081815461332105582
117081815483432108407
117081817001036379915
117081817310636374483
117081817444332105249
417081817542400314977
117081818070936374717
117081818174136374915
117081818295236375342
117081818425436375899
117081818503436374595
417081820235400313978
417081820335200318756
117081913443134031124
117081915244134039985
517081915285734033356
417082111434900791026
117082113475735105021
217082116442536379329
117082310452235103876
117083013371936308462
117083015031536379234
117083015041836302809
117083015091832009734
117083015293436304632
517083015302536304209
117083015330336307786
217083015350732104315
217083015390636371589
217083015520636373016
117083016032899994902
217083016241432107219
217083016483036378609
217083016551632105722
217083017003136375751
217083017045936374102
217083017100832104160
117083017405833273726
117083017481936306565
117083017483033278423
117083017504733278632
117083018122236371193
117083018221436301931
517083018245136305621
117083018252736305007
217083109101536371707
117083109313536307285
117083109452136308554
517083109470236301769
117083109505936309446
517083109520536307295
217083110095536305442
117083110112136305509
117083110115736306911
117083110125836301929
117083110151636306025
117083110162136306801
517083110185436301423
517083110194336305783
517083110284536301250
517083110295136301883
517083110304236302900
117083110325236302887
117083110333936307839
117083110351536301323
117083110461436303130
517083110492436308827
117083111204836303314
117083111231636306110
117083111244336309453
117083111260833277022
217083111354836374714
217083111382333274277
517083111465333276610
517083111491633276530
517083111520333274022
217083111552133275390
117083111565733274784
117083111585233279857
117083113404236307742
217083113430436303541
217083113455436306651
117083114084933273288
217083114154036373623
117083114154533276120
517083114182333272213
517083114224533273381
117083114241036378074
517083114333533278783
117083114381933271267
117083114392133273231
117083114405933275988
117083114423036373633
217083115191036378931
117083115202336307672
117083115331133276788
117083115341436303151
117083115494436305104
117083115522936304851
117083115554536304989
117083115585836371286
117083116335036375495
117083116441236375525
517083117111636376018
117083117252936377766
117083117254836374842
117083117260636374198
117083117263436371291
117083117355436377670
117083117382336377606
517083117401136372203
517083117410936377276
117083117484436374963
517083117522036378230
117083117541736378630
117090113572336309075
117090114001636301217
117090114031836304052
117090114064836307402
117090114180836306737
117090114233836305545
117090114264436309752
117090114284636304513
117090114302736305461
117090114313536307472
117090114342436376651
117090114464336375331
217090114501336374947
217090114530836378936
217090115023636378119
217090115105036373465
217090115143736371985
217090209101036376891
117090211202534038636
217090215061234039397
417090215250600575170
117090216425736307416
217090409402934005990
117090409460134007145
517090410033734004436
217090410411036704100
117090411054836723964
217090411101336736228
217090411141736746958
217090412332836752454
217090412342536756705
117090413525036761815
117090413531836767501
117090414083336797253
117090414091036794180
117090414202136799256
117090414295436805838
117090414301736809859
117090414364336809733
117090414521736803968
117090414553436808335
117090415045736817844
117090415185736816878
117090415420436829566
117090415422736828645
117090415454536824726
517090415554934002640
117090416220536825802
217090416264336834507
117090416575136302383
117090417013936301906
217090417293236303670
117090417345336845164
117090417371236846314
217090417402536857152
517090417460036853477
117090417492336855487
117090417555633278610
317090417592001419632
117090418053133274857
417090418063800892214
117090420365836885183
217090420470536893462
117090420494936895379
117090511230336373796
117090511381336375869
117090511520236917139
117090511540133273381
117090514072632102475
117090514115936912938
217090514133736917455
517090514255736918847
117090514411432104446
217090514413833276064
117090514433436377048
117090515453536698872
117090515563533274925
117090515574533271891
117090516083332188573
517090516153033278925
117090516424936916370
217090516485333273765
117090517051636562957
117090517173033272033
217090517214333271304
517090517243833279846
117090517302536949296
117090517305933274516
117090517520433273423
217090517530236963241
117090517543933278504
217090517560936976111
117090517572735286989
217090518003536982527
217090518015836985651
217090518111333272538
217090518121636987906
217090518161836987274
117090518195936988622
217090518230136988949
117090518251735288957
217090518252036985874
117090518265235289755
117090518323833279915
117090518344633271481
117090518373436981806
117090518374533272627
117090518382233271368
117090518415836982237
117090518420333272291
117090518440136981072
117090518531937008961
117090518550533274912
117090518561737004348
117090518583233276863
117090519025837001416
117090519060635283808
117090609301937001361
117090609531637007013
117090610090636373489
517090610440836376633
117090611094536374632
117090611235037007058
117090611365236371187
117090611404437004014
117090611554836376170
117090612021337003101
517090612023736375058
117090612044537005282
517090613354036378520
517090613412736375772
117090613432636373888
217090613443136371459
217090613462037008590
517090614094633272782
517090614135533275657
217090614405233271707
517090614443836373115
117090614454136986006
517090614492336375264
117090614574033275859
117090615303134033477
217090615345434033725
217090616132734031371
117090714325937021866
117090714413337033970
117090714453237044762
117090714485337056405
117090714505637036273
117090809385134037037
117090809391034039402
117090809392634032398
217090809470934035218
217090809485334035880
117090809565034032296
517090811052334035938
117090815272134036249
217090815540134031375
117091513482931995983
117091514144831997241
517091514185731992417
117091514244031991224
517091514341731991705
517091514365031997515
517091514384631996217
117091514394331994454
217091514420231992775
217091514563531998174
217091515004931992911
217091516340331999933
217091516372532002883
117091610280799999588
117091610342699995914
217091614491736374417
217091614522636372663
117091614581736373298
117091615421437279596
217091616222937277322
217091616273537279962
217091616351037271009
217091616364437271738
217091616400237278797
217091617264236375621
217091810585732104740
117091811130932109974
517091811223532106924
217091811402932101625
217091811481832108099
517091813415932109555
217091814004632101684
117091814275132102261
217091815350337337826
117091816590737333417
117091817512999999616
117091818320799993280
217091910370532107415
217091910422832102958
217091910451632102952
217091910474832106889
217091910505132106396
217091910524532105179
117091910534332107141
217091910564932107921
117091911171731995899
117091911250731991085
117091911395131992575
117091911411831996753
517091911450231999995
217091911490931998432
217091911512231996374
117091911535131999602
117091911552231992192
117091913402599996201
117091913431933276211
517091913590433272885
217091914435931999405
217091914461931994657
217091915010333274912
217091915081433271366
217091915101733272846
517091915233233274020
117091915351699995426
117091915414299993946
117091915434033279228
117091916035136691231
117091916172433271794
217091916233532108840
217091916290332102433
217091916583632103680
217091917012032105699
117091917081631996057
217091917122532109565
117091917131832106496
117091917260132101706
217091918340632106704
217091918370532107951
117091918415532107479
217091919014332101963
217091919145532104720
117091919180132103399
217091919453632107693
217091919480332106935
217091919514832105594
117091919524632106412
517091919545732106179
517091919575132106956
117092010375432101313
517092010405232108234
217092515265132108567
217092515323732107424
217092515400632101494
217092515454532105010
217092515571432107927
217092516043332106697
217092516064432107062
217092516220932108493
217092516281132106100
217092516322232107189
217092516355132103043
117092516385032104842
117092516501231999034
117092516512832104215
117092516532432109970
117092516550732106870
217092517034532105483
217092517214532102955
217092517250832108167
217092517380032108512
217092517421532107101
217092517435432105760
217092517460232108053
217092517514432108528
217092517583432108325
217092518044932104707
117092518063232105415
217092610510832101755
217092611034932105790
117092611142332109790
217092611165232109729
217092611211932107964
117092613514031996770
117092614445631997748
117092614511599993930
117092615024899998855
117092615120131996081
117092615410531993762
217092615454933278457
217092616052832105393
217092616074632104698
217092616105032103590
117092616233731998246
217092617425332106320
217092617500832106769
217092617513432102912
217092617532732106185
217092617542332104573
117092617555533274916
217092711584233275977
517092713492133277864
117092714050137785321
117092714085433277706
217092714144932103216
117092714190535798145
217092714210032108095
117092714372937785365
117092714410537783887
117092714482633274052
517092714524733277201
217092714542032106078
117092714581737789061
217092715200532106861
217092715224732104362
117092715285232107817
117092715364731991739
117092715381832108133
217092715462433271601
117092715484332102736
117092716462734183648
217092815305532104720
217092815330632102655
217092815351532108612
217092815373932106398
217092815392132102281
117092815410732107510
117092815422732103768
117092815441332101883
117092815474532104079
217092815521532107280
117092815540832104902
117092816425833279894
217092817023933273864
217092817035033278072
217092817081032106569
217092817160732107214
217092817391032104757
217092818024138113869
217092818034332105628
217092818045632103008
117092910181999998838
117093011490036371246
517093012020636374518
117093015035734039540
117100816413399993088
117100816453837969287
117100817112437773075
117100818213437965620
117100911201737966894
117100914365137968423
217100914492737967954
117101014462133198377
417101015450000796698
117101110232833191708
117101110250333193886
117101110273133198171
217101215302036375641
217101215313836373363
117101215463936376218
117101217080434002995
117101217265234002355
117101309272536376193
117101309442736372720
217101311152436374963
217101311361336374661
217101311504836374687
217101313593736375819
217101315533734006553
317101410420200738323
317101411413500737316
317101415303600737218
317101417443301124244
317101611262301126224
317101611341001125633
317101611495901128873
317101614055001126874
117101614181336372837
217101614492636379992
217101615284836377145
217101615445732276672
217101615493432272416
217101615514632273831
217101615530532271914
117101615534632277465
517101615544432275092
217101616055132273293
117101616112036371603
217101616113732271036
117101616205436378735
117101616474132272457
117101617543036371931
117101618223536374342
117101713445936372626
217101713535538271048
117101714054136401447
217101714085436373498
217101714222635903325
117101714362237774370
117101714374336377968
217101714451235906719
217101714545737777517
217101714560037771636
217101714570637779436
217101715002835901045
217101715054835901554
217101715112535907561
217101715151235908127
117101715230935909646
117101715250336372059
117101715250735906587
517101715283935905221
517101715325935909596
117101715352535908019
117101715380435904942
117101715391235902252
317101715471801105260
217101715583435906970
117101716020238339030
417101716035600985365
217101716114035902023
117101716330635904898
117101716335435901489
117101716374336378063
117101716434435904787
217101716543838278422
217101717113336645931
117101717145538272414
117101717221836378790
217101717304337775736
217101717400837779831
217101717430937777881
217101717442137771661
217101717450637774957
217101717463637775945
117101718074832864702
117101718094132863775
217101718095937773475
217101718115637779886
117101718130232866947
517101718152937777982
217101809130036373183
217101809270138272513
217101810221238396624
217101810232438397832
217101810294238394697
117101810310736372289
117101810371936374781
117101810454136374248
117101810462538275178
217101811042038399348
217101811155638395811
217101811195836375041
217101811223338399231
217101811263238398767
217101811370738397443
217101811394238279416
117101811510738395740
217101811514738275694
217101811515436374542
217101811524438392635
517101812014436375199
117101812022038395666
117101813414538276923
217101813570238272185
117101813581338398575
517101814015538399878
517101814072838394375
517101814091638393738
217101814162038272437
117101814192538393123
217101814194738278501
517101814335432002842
117101815151934033676
117101815181836379189
117101815200036376945
217101815241736373245
217101815345636379234
117101815355136374060
217101815364132103912
117101815443838392960
117101815454738393967
117101815464538399926
517101815494238393476
517101815522838399869
217101815542338395169
217101815583738394596
217101816003238274579
117101816024538392617
217101816052838398275
517101816062136371936
217101816091438395738
517101816255338398643
217101816274738391216
117101816375538393694
117101816400738396003
117101816510538274922
117101817092532105906
117101817114236377330
117101817142138275273
217101817165032102677
217101817205232107112
117101817210836376240
217101817232332109585
117101817240536377604
117101817244732104849
117101817542036373999
117101909182536374036
117101910100136376612
117101910192836371541
117101910225536375488
217101910524638277826
117101911144036373069
117101911255836376519
117101911360336379331
117101911532836371316
117101912023836377284
117101913392336378975
117101913465836377472
117101913514236373796
217101913575636379653
117101914060636374343
217101914215736377792
217101914333038278233
217101914364536379328
217101914382538279616
217101914565738279834
217101915021238279224
517101915095436378108
217101915114038279001
217101915140538278333
217101915471738274572
117101915500738277667
517101916113036374233
117101916214936379533
517101916425836379835
117101916472738781752
517101917194536377015
517101917213336372472
517101917254636376861
517101917323236376801
517101917350336375626
517101917361336372207
517101917374136373228
517101917395936379571
117101917424136379484
217101917455038276054
517101917471538781325
517101917513336371701
217101917532738806564
217101917544436371473
217101917594238806634
117101918052136376529
117101918412537776562
217101918444638802154
217101918471238808701
117101919342736375077
217101919412536375165
217101919594638989973
217101920012636373140
117101920030536626127
117101920041936625264
217101920042136371148
217101920044838789397
117101920061036629795
117101920062436375400
117101920083336621963
117101920112036623806
117101920114938988209
217101920115138786432
117101920122936622124
117101920140636622824
117101920151236371351
117101920160436624973
217101920174138273291
517101920184436623406
517101920203836623278
117101920212236377686
117101920224238982270
517101920225636622257
117101920232238279490
217101920250338278604
217101920262238989199
217101920263936627848
217101920265738277341
117101920285038279440
217101920291436627258
217101920301636377510
117101920304638271188
217101920310336625674
217101920345138985486
217101920354436621985
217101920364936378707
517101920371638985871
117101920381636622725
517101920385338981562
117101920400436623470
517101920402338984013
117101920411736625627
217101920412938989667
117101920424336623779
517101920445536628258
517101920462036625855
517101920474336624026
517101920475236371236
117101920493636621895
517101920495136376031
217101920512836622807
517101920513736377780
217101920531836625531
217101920550836623546
217101920563736626375
217101920575836377431
217101920575936629827
217101920591436625314
217101921010436621606
217101921010936376704
217101921023436626736
117101921034836376896
217101921040536621644
117101921055136627039
117101921064136622581
517101921082536625395
517101921093636628185
517101921112636628952
117101921243538784550
117102009115138965023
117102009163436625694
117102009184138968037
117102009201538965462
117102009253238969345
117102009313538962235
217102009411636379856
117102009485932372567
117102009495932377696
117102010130732375413
117102010223499995538
117102010281336372840
117102010332099997973
117102010352036623360
117102010352836376305
117102010382736628463
217102011204936374190
117102011472136376466
117102011495936376663
117102011503399999453
117102011520936372788
117102013371199996905
117102013411133277403
217102013434838271033
317102016353401101951
317102016541001108022
217102017004839078240
317102017285301102227
317102019283601417771